10
apple 5.000000 1.200000 50 50 1495717713 250.000000 1
banana 0.000000 1.500000 0 50 1495717720 0.000000 2
cherry 0.000000 20.000000 0 100 1495717778 0.000000 7
grape 0.000000 10.000000 0 90 1495717759 0.000000 5
melon 0.000000 6.000000 0 77 1495717843 0.000000 9
orange 0.000000 3.000000 0 88 1495717751 0.000000 4
peach 0.000000 10.000000 0 90 1495717735 0.000000 3
pear 0.000000 7.000000 0 100 1495717768 0.000000 6
strawberry 0.000000 9.000000 0 50 1495717860 0.000000 10
watermelon 0.000000 1.800000 0 20 1495717797 0.000000 8
